4142135623730950488016887242096980785696718753769480731766797379907324784621070388503875343276415727
3501384623091229702492483605585073721264412149709993583141322266592750559275579995050115278206057147
0109559971605970274534596862014728517418640889198609552329230484308714321450839762603627995251407989
6872533965463318088296406206152583523950547457502877599617298355752203375318570113543746034084988471
6038689997069900481503054402779031645424782306849293691862158057846311159666871301301561856898723723
5288509264861249497715421833420428568606014682472077143585487415565706967765372022648544701585880162
0758474922657226002085584466521458398893944370926591800311388246468157082630100594858704003186480342
1948972782906410450726368813137398552561173220402450912277002269411275736272804957381089675040183698
6836845072579936472906076299694138047565482372899718032680247442062926912485905218100445984215059112
0249441341728531478105803603371077309182869314710171111683916581726889419758716582152128229518488472
0896946338628915628827659526351405422676532396946175112916024087155101351504553812875600526314680171
2740265396947024030051749531886292563138518816347800156936917688185237868405228783762938921430065586
9568685964595155501644724509836896036887323114389415576651040883914292338113206052433629485317049915
7717562285497414389991880217624309652065642118273167262575395947172559346372386322614827426222086711
5583959992652117625269891754098815934864008345708518147223181420407042650905653233339843645786579679
6519267292399875366617215982578860263363617827495994219403777753681426217738799194551397231274066898
3299898953867288228563786977496625199665835257761989393228453447356947949629521688914854925389047558
2883452609652409654288939453864662574492755638196441031697983306185201937938494005715633372054806854
0575867999670121372239475821426306585132217408832382947287617393647467837431960001592188807347857617
2522118674904249773669292073110963697216089337086611567345853348332952546758516447107578486024636008
3444911481858765555428645512331421992631133251797060843655970435285641008791850076036100915946567067
6883605571740076756905096136719401324935605240185999105062108163597726431380605467010293569971042425
1057817495310572559349844511269227803449135066375687477602831628296055324224269575345290288387684464
2917328277088831808702533985233812274999081237189254072647536785030482159180188616710897286922920119
7599880703818543332536460211082299279293072871780799888099176741774108983060800326311816427988231171
5436386966170299993416161487868601804550555398691311518601038637532500455818604480407502411951843056
7453368361367459737442398855328517930896037389891517319587413442881784212502191695187559344438739618
9314549999906107587049090260883517636224749757858858368037457931157339802099986622186949922595913276
4236194105921003280261498745665996888740679561673918595728886424734635858868644968223860069833526427
9905628316561391394255764906206518602164726303336297507569787060660685649816009271870929215313236828
1356988937097416504474590960537472796524477094099241238710614470543986743647338477454819100872886222
1495895295911878921491798339810837882781530655623158103606486758730360145022732088293513413872276841
7667843690529428698490838455744579409598626074249954916802853077398938296036213353987532050919989360
7513906444495768456993471276364507163279154701597733548638939423257277540038260274785674172580951416
3071595978498180094435603793909855901682721540345815815210049366629534488271072923966023216382382666
1262683050257278116945103537937156882336593229782319298606467978986409208560955814261436363100461559
4332550474493975933999125419532300932175304476533964706627611661753518754646209676345587386164880198
8484974792640450654448969100407942118169257968575637848814989864168549949163576144840470210339892153
4237703723335311564594438970365316672194904935188290580630740134686264167247011065346349391640714628
5567980177933814424045269137066609777638784866238003392324370474115331872531906019165996455381157888
4138084332321053376746181217801429609283241136275254088737290512940733947943306194395693670207942951
5878228349321931666411130154959469837897767434443539337709957134988407890850815892366070088658105470
9497904657229888808924612828160131337010290802909997456478495815456146487155163905024198579061310934
5878330620026220737247167668545549990499408571080992575992889323661543827195500578162513303815314657
7907926868500806984428479152424275441026805756321565322061885751225113063937025362927161968251259192
0252160587011895967322442392674237344907646467273753479645988191498079317180024238554538860383683108
0077918246646275411744425001872777951816438345146346129902076334301796855438563166772351838933666704
2222110939144930287963812839889311731308430042125550185498506529455637766031461255909104611384768282
3595924772286290426427361632645854433928772638603431498048963973633297548859256811492968361267258985
7383321643666348702347730261010613050729861153412994880877447311122954265275165366591173014236062652
5869077198217037098104644360477226739282987415259306956206384710827408218490673723305874302970924289
9481739244078693752844010443990485208788519141935415129006817351703069386970590047425157655248078447
3621441050162008454441222559562029847259403528019067980680983003964539856859304586252606377974535599
2774729906488874545124249607637801086390019105809287476472075110923860595019543228160208879621516233
8521612875228518025292876183257037172857406763944909825464422184654308806610580201584728406712630254
5937989065081685713716566859413005331970365964033766741461049563765103083661348931094780268129355733
1890551970520184515039969098663152512411611192594055280856498931958983456233198368349488080617156243
9112866312797848371978953369015277600549805516635019785557110140555297633841275044686046476631832661
1651820675012047669910987219104447440326894364159594279219944235537187042995592403140917128481585438
6600538571358363981630945240755700932516824344168240836197927337282521546224696153321702682995097908
9034594858878349439616204358422497397187113958927305092197054917176961600445580899427878880369169432
8945951472267229261248506961731638094108218600452861026965475763043102560271523139694821355198214097
1654909731999283492567409749039229712634869341457493319804171807611196390227866407592243416776246623
6238913110270343304576368141128321326308582239456219598086612939996201234156176318174312420089014983
8485604808798646083935964923665142968125773143229145687168276219961182782695315749838026246517590541
0397618128760421638613450221326272775661244113361077519555774950865636067378665062318564069912280187
5741785494661253275997697960597760590756489106661015838417202818530432119044657752554277543798726054
8817361982675816862832952607899322266836028385135122810593185910286415081570563197173151831362502435
9041463212239217663398268936825315053005989154702909537193266207341123494743367884690201390497842852
1634144292145895582878476693946464267812219049785636355263368278051860098699248937786002398769169807
6566219438985443708059464333623338105874581623547560013659243524265714308346554576800237081467573252
5470255074763747163506785159917369379325103268276062864591461820472148637037077192692682362333472037
9245964691810526139153086280291440965482563873092730426544662929045896063751918711469345361973324789
5727070315309309019211991999936157650035039840540674253879275279227247335667706078379113844889362613
6765706026360031513295209539520285489738448625613492441470860708660267634997879342087583612194711699
4223848482595914304528107062601508969135303017720062717054402090669514915274597719705947695474095210
2878725578568800221937177435581107939308833845586482772910086295545661413067212308487402271210586863
2338823741388442893815544464710575565146843570294663506289387356986868837648032651952841465351739530
2736120137420300986739838514321900436028982698293529399414129230580384565022707216815161941011449826
3013649008770483984883860906533685990545838952031856480414932721423908651649994316592079659535694307
2311291162928679751715668890543932203569129332457020806719444049730494398140822782960279942454108316
6675921424835182723817205041039274288801556223380796147512433514731021284545944899444996000752437519
5701166834174474907958820995178367680232365176749723014874577427259947609621984327148352986111902728
7358490521797590837419748602670605374623153003937521236786775284869219585713755426968482783631786110
9933680143915905974842858054516130230143979057016108898627779610750673332676048654929251399781390535
8822768937322049414839401355603565604421401761206051318068919899626061848318534018362378217266375804
5524719626617492542285280457144204857834211322800852870420548899234127855481236761537707104254469868
5219911228354266349997127483660762462418207364666171283947484732804744304033441072004287271275670279
5675824292627194545805300266648996507956977817862194217200523716536946770419511191270462483605113028
9046437751148694887849615118841471910001255883836660677208411235153558811267789571558590412576261601
0675131535802124273318710006358249545040995794072547989003168265123731190556682915194305370848930786
9197428290490386037231160992834243171222509945471501928666487871079519951800546338838443154817246354
8024451803084527343100062137103462573306001234973744355818096567846464153390514656919324562353140577
9193698988423647183525375805257713311200797104068315492665402026046806818391437827214769063242469517
1286367384431398333711761594186999346626234537345235679401241680922911636095637216745283917099091466
4850739205151605604737871061547021699607465693097944261214692561593425649401912298951473254471518126
3258368897282262833295240359700727863364604594707124174729468775705958157349962848099567839255474240
4489918870710696752425077452012293608105741426532347240641621410333533405511045212617503590284037454
5918645047276243420717709297935401021409646450283683418040758608100140721619247717980985968111540446
4437285689592868319777977869346415984697451339177415379048778808300220583350467465553230285873258351
5708599649068672875967295038725475708791695547366917087012413339221484668517437066615488195293322727
3743604108254259660303986932654223505236910859512630083184675550345975839550584035670155887977736443
8048182138707003440236180412002114837279422740787378933162708101362649828962927256244580539713414221
4511099995445821429237838810264839482339514187674689678318628681788272555825731939518155316951645014
9435726310604569492967098625204339385207822076221910034469269663342590853058160449780257763254489370
8006267787317954852985668394869467335696300140293131419025780775816945815272529343422590519791831662
1644487517816967752767709130431573425640549229381873951108441668309249111597857733273638841418507379
3630026392180680019498239666471231317190252370319905877197741000713240751920418122141324253272949186
0004200841548511547411573059872196212988541663720877522483769485974767293301868390522500148690382610
8482481981675931077727026488262090723847752905876504032667275848252185162310745449887588274656780949
7123087661442641482415790357039331225651893335628183618540574670638061839848946628424573656456421390
7216305295529359284877555242754559513382771500178401655305485442285011988365575680159346450558994424
8496274127118698831580476918141567961853216571696452225945947124693199571164198618847977891211426811
6438377238483631867318607564778536999303870546632296980756758468212302807726100696917407820247949882
1095473343011265454421701958523758807853480037372471187611100087719035538815731922513338424947745031
1881194745595365336609206419293440035078564223432923249297270847248235576717405895001268763600812452
1124487564342809465931336185643241485578079193115126509729589160529930307710563524545148345720922455
1984890588904219806543973353757599824858037546392736537641967480626968382712920014349566748522472414
5486360362115847232317369980617199364211363145807119883968129570561158812462058857966505622150748208
9747764177083787052924202880290044002480686812542207579059424347046448957544023873693604740130860360
7599174387615635296776058018334930879646627071160805073761071800221552519199379620070916138322728017
7313320190059780482079607580324994622385385803573478018713802840398120046812370790924572728576545104
8971703102370548678793364378157807400767747421528031184981557698165615162611572020454026441299316117
0773312538461289367637918385370500942063060910325402584768222036768249279473400061775129526307265637
8530973686420007766665889932845661224650730022095628772726222780803954834038109628057649289746518436
3194984026129976189004678190927370964782787243577522066846540002468330746087835876558905305694257499
0989039220463004714572059053712091314275886537693148040000871791384569099362998784788542177815407350
5170625320509514478220667252608620410799622270348081801380066100719226814029197683548842439916280980
3618597719358892265485872816327690542861746632308136287764990073775993244175214767760469369622332151
7592645055645256384054670040452158007545437968103843558514794309229635219785228329574545727156479318
5041889607012805949229592183594937074580390321410436601637650955489445419026339119607411006694977802
4695409365628127538496323601062584653667050765177029695130396858702367912875413588064402634238235680
6076407451761190883337120914157628056522379012735641935345652676296244026602282454261960342283524002
0503295053190853201496804513564334103431329223589697283108739569438131809431666913390526489148332879
8827628525630451206376149000452186427171115089762827528671466361173898285874253172165962476433238400
3490049629878948700105188449411866043973910749375734952893477073963866593325543858999353799414384066
2422102268328511662511368344732896613210526750893794834463493035278532130127821152685942984375651745
1093039924958664609423868470021535501803780001870111131519378754010914958890807647334550026409805683
2143811600751461827884490468124814689309743000010901984320866630922513811211159948127963678390812224
3781910187779940340765274060382341505327174162786748880857541012142866746631036108800181884354018236
8653221687750411978076525811538417365621835675013034456595936590974690077656309515636628348639979754
9375638405296723283563403031591654958861122299599968682701428407239146230016173544083143643804589220
5541101795351355885271347984937876133791075655995414528917770157581348757680186242922229776662115422
4971133417396031967639093505123209476166427534743883338886999799164638367503241863248628418784699609
6380827512996338173937422095347586163221630520270351703749029856852559581419295499517655258212347310
8197663301341750815123677523151607320881829564072634764505887576136189361870128904026792264704949678
7237402581300834763975644632633549675285749537015127100694464420624617536442894986049205218232133843
2627533519882949208649070960592165457376909595138937899766262877086832350596409805018856981997405660
0544153213840734978154080943540759681561338964320840415315102432432476506355824097853468115105632389
8040138038148497352874442906939344373381801090101788592056406907697263909339111613684666699318068382
3467403892236722925516602446859746076358290372852949715836906372909503368595118238724038656680384409
8591359996588300622799752913684945617051993291599492324340413727253807636840295187369817973536657095
9942204751059644075907078002039362324718238041377992837396735880963895473938471289506230448447324704
4382339025131491385944752127927146106722526835555209310140982503241041356811888934417063480181887903
8524372843450413995267508390749293155948992799740206016686101060573836203436961399237050205913691224
7881448219700455646296061801529572677466540252240321520106268059246929418414651692694297031644748922
5533568194701055860753950312574877927182201980680506551347189262650998704038723936152628091171501639
8391838208037107664447231125594297930841574857549712849567707689130531391519283160749372260464837412
1124105274045807690774990321676153199656609743008902847879220989455514034956677632936841891292822888
9379139256579030617042195174642667176286007376548254894908236704904178982794694813371005437573522926
2593956809537167977177738428166119599319878150374402232529401665135964883989187712666676445928280724
7741980511834035772630194150562227092668881510087408102163045511193689703398758991634367665524596900
2296639061823459922443716156818871678501955219269047700888762881701243590723842188590943230252400872
8363411346002474635054076317430285610328831446395259955777141624975159928860344101047533467745304372
7868857611962268589481389788435122516690676187913234462077242638989111751935755367550897717360807798
5499293374857587940796948901185382605111362359173403913986090018722454028726512923507251346336039947
7972112534407969641965843292485838961537078625446240527341837296165871280996215675141677888852182017
8268579475088605619176143345053072422579442150440118993803282117694275351550050359384026192712484073
5344805764151349209066433260871886931878391137249135429063143277314147565234427698926410729192964778
3152267653096337719078870212101736288928013320665538468875227098214169947453467839730618843380636885
6788750934837128129945947141674021064794462304750959691121328418573745076880217420009190378611492899
9321369828255050439412523429387891529294488067290453371558685893911940586799267968019751929463531321
2046058273013652463549197477178431255147195610894481716873695950097551490905804237705507658316604552
6317881915928858015141099033515999276492602091675379658565407172149027277207207953304640949267929698
0145647407586168417518270355419152328590131991897564442720919580664737853965474943503366098455694220
5412322091494769852266066869313494128460524360062619192009545595992992035766358447252088884387701098
4850961455366250564822233108277487712496459239403441038488045655720915372083692370422039030816692153
4433655552965914773759520794595970591492130243833379570937471630364094522401198254550375439726080376
3665873652598952691167996010278358881115715841157447947403528689000948241339184513780599922518984735
9411654219009436698502918007261527089548324769107905475023957665941978881844105201828871641167052826
4469474464709886880658944170090145701739592379888063120134295083414410967004600697066301139883806544
1035959036385428890533959794761355553930923535001022746402573996549260318712100543951693151027362514
6958084366948374911338531532378042624794961776929562250613257826661658752817061548468817844604918515
8500223578507688444677874014750442262575101736486183263373253354192130963105322132562419461409302789
3358253117355483121861881858082744966425868045457888041604096100038498733107556338903472441880147049
6014452154644635276874530046342937046578746123041142858413931547069644559886270234135533696146889413
0579524344828578813842913133400444388269456277457204464892750371889600250214810243226623247446675922
2209575796803987583301188094123485941055397931150166149824109477340455944773621407298190673422712213
2982820189355181480711612936047539354519164488519197681989432468826658469990810348743305715425211489
8292494064135204869933170852436546029080065024215298598119251209628332680767252801429242638106620922
0067162423905353942877575007913587003768065040693290462367019980646423816627807455845427972813636496
1281560063361281911718077749857212849096540456380602527979290014116718088821672762326957314452995379
0935999635720195691053823183323228796036615493435619556357778872038051407147028627486665772728496380
6068209087433747557789312207166183290997968077406958305455058169463910538025471298095019164059177292
1470612053797375831881690403457373089228704876429883276343106156560414235310211126077177930873317131
7133834055399077148746039878634100181548943060212764145175368556781241048762789184459864887507256919
0707056126189065115415374343317047710735120897496645858712323260612277676488017419041705326219011292
9941342406859477970648454512304327003620444460307001911450415420812728658532659862596583412919318743
3746814254099198919080093257152259502569757636258378542068760787533642389024535242231478116950307422
9968826623618943797546343148694047370546602205236585352243349189341495373185461775639085063014980593
0744131272144306096868121549167999336020911246342068160464235634526699224710694338071397510765670422
9609060830002146456760756695447822337420301223136385365488118968676221196569610683809556811074161682
8887291489708929172720203166447529815564916509932964247593555309434272347352556742335888541040816256
1808385896759248129675817885803743143764480510225754841455195600309544841537831759812222780836261003
8296219136687469906013559109879017893945095070800847019710300949634856731261765379906963665342384783
9475100609198023662240258379166773365981862096901237048554417883308174322415270961858397320548777471
4196202102091912200354193993755848965796596777487966649833738446446288492322091596625208177109455185
5784919342249039112644016254035341529185960627844258497990753765035114366230126874503874841819808002
1735115212731055425489544564305352174412647603739881432392237995520803725631538278957675603269534153
7131622868422311990717366271592521668095025759913553680411403143637492857050001618258980705687363948
0322361404604011480623406226830964085064565184947862087308537993315082686383455929918002956502600712
9052213461451425916832384997363792953241667672636608451393291270052813463426544459202882461427621775
3754229656117767743526836337792772705308668887120354478767845607440345181873913358163841356718363981
5500757116010247023062209136180213041332617816241751224462126905137587603315297832296688192798031720
6140924273036239009838514870083607798140381143984920151006882296367005549739432853347069867699527940
0828080040887151019376746773088292096077414289492431907659952326954148087386353237788054208223725636
7753706673147303496863970704898031245446088106656204930116583699242859143171957326639117940460873354
1704103874776765684341754165196198749248925074208937601411944240296394254176301656047295676613344991
9069368073355165850315039691338748343529636805412521888303216646059455373944512375217839746535033276
7285694918193988259952860975698800611916256873292306230585674189853838045570809358377914628586246872
3110259940158767576908316771742839253030116008388460480714783616096417155945463992218291049279692292
5111279379566401338199116350696353932636098595646205761040870568380030269451971124863811185337891098
1402240524583922160456345211221741701040567973307539584647058474754960443223342630066921057776700574
7717924479033884173998953956252183147543418288542292773885210317650331816851164239848424590906685640
8486471222753472917600277208709111991625353652320730412740345728114307679074883543500432172487106703
3312039256058908763836947478428601451134482256881522505295704764411457698138038591192713356349551780
8414736321077680615675679427987637155964034837628444053251043346237257981152490578554545544521284596
1230415496214883974720036142299205566304524989647365828018945143047860790847927831976949691073126310
9830485633506795521367459452740637830001391251206426019247343307523851977600345083075542671038439897
7950807029186984094318884522838953410474580083102559343223332683766729150922336413159676531206115874
5849598848150544242432843168407286751243034320658177339853340866974604466757145667522200433006339665
3272711639216282843359363915970535605351461391484568462400484626935209063545366851485497344595022174
9129562168205343471694589030666501122399537392507691495999807311648756832231073560129088890744800411
3911492936466067954282677357899960171447474782259719736910220617662974796335941382050865383536691317
0891009758629322982345585218809771609131415612283794230140742857517219609708392468807241064334663820
3788801942999689233405774399455871877216719494121739784248455511242394951082313341900954980974944116
8544692712681046436762979495162894921486424919613171491129916472358023000050647844611081191444911581
2299764633424470996174148529445175829914157131372881744978663466979834683063377226946211202454420349
0573677610824932873879127068388893280129876791700811101390149982272447545942481421950364530177841993
3971029278097100317280048051240745515497327504868037239901358433766912730559957132820621881599214113
0876955806638951579665775394244413241315371071369661381734700574482745460028185122194881094099093203
0836962866394565967627501248115050908950145078579531647113835352367831505194424626030330242338666077
7762396353236779252054307107281417908996345847694198785104928828504633007622235900139196301577195048
2636735933640454911225862198229883550564611200430090520331006969844471423510531407150427637329991583
4406869863675333510796589211792326198842135412149528788336694865244861474835133380676661407399397211
7117425807701477617341316035580252600506134605099451449480811517675922265832243506690165070858696930
1664407829476134100953558555025559733951011097129829414168133162909129971663939786770253895589191479
4032668269999184934935211456416738259128224462604746869983410026893570871698215899513144726246744351
4267122434836046487724457790530292549488581897683740905363270069003593581538188328074082813302203650
9060649110278848197191631340902967476872679485708198499821462735902524243518033251794029613213416361
8601606706467265798338016929632689885200601362601273081227215748353450689438349412293543902425375752
7693524278539886290839492645978852496906310901636809532041133852046696303735415933935227561197627473
0671323084914276213000530951932312884148955410680616740648799311628819724340996737600938360319809562
2927512337341953004227167526574854247482946033738650386675256558099645475522692658975888525638532921
9380197569254277349692561147688808641172670221349315285514221157052005896966663805203810451469223001
7952607407386746595628401458292793638099004324083574265721606100589276934909467829254643104382358817
1215341639579428291721793624081977688198990199787331403612185796806586358368146535589557381878378792
1002532420801656741983252643950421108215392201737850391435167419957715215621463635905890855285566097
4755528542340303264688623171663272306314113253065883613291776807543214046263688827594471614338928326
9025997050182301490370977991149321829700343455538624039420805778612757584941515682564220804532300793
0901911661535434782211794369044850125888462028698089681465461734973783155478921042628944839050685441
2032720652374931405325170693575800090799417928559317281056994376439412694664934570902480722236062517
1335948844289048618791256901451367064592350923125630083621154956986427428229832980495185004227961552
2077218816950177204015235268213256238476819646794650831075753170392260855614693319107682836365658528
5066867708773314799646708576262754660296271676307593189843573386709657017379322828234819216178187700
7047349672896631877034483312072457459021348795825604948271846147658084172114999468548036816547370557
3911900059789002103437746927946879076185986897099046690702863327364632147856592456222718627461789624
2617308191565710953780887906210137634562553455427872498576451110514792642181602336671418980139700712
9729868732828221618638416311291390879371441004437877317244968298235202142975864408249177811473076083
7277351515304536922595690891630329022499883027293104164006492014028225328887590279313085776562376554
6576499418464267103698691707059191385989330859375437465778744024340421767226124563578400296687454724
5072378937726048417295375311492496118629759082198546452996215917898722033017086558998137112475096330
4730972280650602581293632629202372176989811854218162149703665231050649219585761363407227297346446752
7473852366778039742256265274288738163396279152344489475007103570432305508633073870559504709704223112
3762121931957539060499356674630107427684593949954659554972154920943143136002285265513308826825684467
8367207086930272733332654314093695979977475725164865609388901597496620477213530723125776395662827622
9011536678104435642683552059590327320411019415910623132249801210751416193214421041685387209163497848
1756217861776222889010586714799410601577635093648454101547200356110542300187639371946237905295153912
6455419411099300801282463142808366035865498594382415741276615019556596477471231145521988678134484244
3640738545283514096471263474269603706175610653882758679386358840853677488804217287683154379103824027
2416410351076958069186054906133629466874129317991655777477566485241736146967099568973162555131507152
6377319131717516989497832401686871488313669781158182326385822972697878024287822121295698816233680033
8798433521833226807674871764314087513247462340523498791848476682682956164389287940389677064787672835
8810966064816253158242438591594357823452933579761860944279313330342296367732882114801251606632436229
2892965570524145729258190733355159023087111957026902387019554455972339436581286903114329458125014251
8845693967768351495544304760263639819242301130991366073869109948189167016589185352246101655243991230
3415469150965061333757453644319875920733482383904361814523000416285624017898966187299324335923789127
9256608949415876734705551490720707611671730965073513646926538883863019930030541130154220297873483229
6837173622891653295318271799773418424230735005604987063161378837005471741263579607944053017421388274
6668411822234323169412609401489524987526739486390489076421272116971172200137601359045581917516877971
7618660293497250710388274361157014106644578105100135067350691284817103249133295514721029682665729358
3776007765852714067357182341860915761909790748526270619609743278397440621952813718689011786708690157
9001550506192236057144573970604185874399631882257735458709134627972756076891285674861037059098061132
1876045048742172796985312160568894934224324078228305238271344062958369171976697184275805197218719577
5893490824630361762171012285871913616378478571967611839247982544888914466805290578520986447819893689
2907873248050171439760654883350688911619480972955239596084126262856034274377580105813234572464882966
0857216592741563562814964100804954256817567964768010548889433267801048640465724291697524024598579943
2310202769419861945456705081404486159124461095495339850361818922674700447241199222808664155383389965
1784039232791963803293409065200641474047665091771159099070808820410434613483661887430912351487895600
3809594186791967316693219121047834208947318434885713285636144080344037386737479499390765225963002337
8072562010816728437740947482044301637221319539280890723654306664009282769851033832167983309404060995
753